-7466 7616 7646 8021 8021 8186 8291 8306 7466 430 516 1591 1591 2064 2365 2408 7466 430 516 1591 1591 2064 2365 2408 7466 430 516 1591 1591 2064 2365 2408 7466 430 516 1591 1591 2064 2365 2408 7466 220 264 814 814 1056 1210 1232 7466 220 264 814 814 1056 1210 1232 7466 220 264 814 814 1056 1210 1232
0 -7316 7496 7871 7871 8036 8141 8156 430 7896 86 1161 1161 1634 1935 1978 430 7896 86 1161 1161 1634 1935 1978 430 7896 86 1161 1161 1634 1935 1978 430 7896 86 1161 1161 1634 1935 1978 220 7686 44 594 594 836 990 1012 220 7686 44 594 594 836 990 1012 220 7686 44 594 594 836 990 1012
0 0 -7286 7841 7841 8006 8111 8126 516 86 7982 1075 1075 1548 1849 1892 516 86 7982 1075 1075 1548 1849 1892 516 86 7982 1075 1075 1548 1849 1892 516 86 7982 1075 1075 1548 1849 1892 264 44 7730 550 550 792 946 968 264 44 7730 550 550 792 946 968 264 44 7730 550 550 792 946 968
0 0 0 -6911 7466 7631 7736 7751 1591 1161 1075 9057 0 473 774 817 1591 1161 1075 9057 0 473 774 817 1591 1161 1075 9057 0 473 774 817 1591 1161 1075 9057 0 473 774 817 814 594 550 8280 0 242 396 418 814 594 550 8280 0 242 396 418 814 594 550 8280 0 242 396 418
0 0 0 0 -6911 7631 7736 7751 1591 1161 1075 0 9057 473 774 817 1591 1161 1075 0 9057 473 774 817 1591 1161 1075 0 9057 473 774 817 1591 1161 1075 0 9057 473 774 817 814 594 550 0 8280 242 396 418 814 594 550 0 8280 242 396 418 814 594 550 0 8280 242 396 418
0 0 0 0 0 -6746 7571 7586 2064 1634 1548 473 473 9530 301 344 2064 1634 1548 473 473 9530 301 344 2064 1634 1548 473 473 9530 301 344 2064 1634 1548 473 473 9530 301 344 1056 836 792 242 242 8522 154 176 1056 836 792 242 242 8522 154 176 1056 836 792 242 242 8522 154 176
0 0 0 0 0 0 -6641 7481 2365 1935 1849 774 774 301 9831 43 2365 1935 1849 774 774 301 9831 43 2365 1935 1849 774 774 301 9831 43 2365 1935 1849 774 774 301 9831 43 1210 990 946 396 396 154 8676 22 1210 990 946 396 396 154 8676 22 1210 990 946 396 396 154 8676 22
0 0 0 0 0 0 0 -6626 2408 1978 1892 817 817 344 43 9874 2408 1978 1892 817 817 344 43 9874 2408 1978 1892 817 817 344 43 9874 2408 1978 1892 817 817 344 43 9874 1232 1012 968 418 418 176 22 8698 1232 1012 968 418 418 176 22 8698 1232 1012 968 418 418 176 22 8698
0 0 0 0 0 0 0 0 -7466 7636 7670 8095 8095 8282 8401 8418 7466 460 552 1702 1702 2208 2530 2576 7466 460 552 1702 1702 2208 2530 2576 7466 460 552 1702 1702 2208 2530 2576 7466 200 240 740 740 960 1100 1120 7466 200 240 740 740 960 1100 1120 7466 200 240 740 740 960 1100 1120
0 0 0 0 0 0 0 0 0 -7296 7500 7925 7925 8112 8231 8248 460 7926 92 1242 1242 1748 2070 2116 460 7926 92 1242 1242 1748 2070 2116 460 7926 92 1242 1242 1748 2070 2116 200 7666 40 540 540 760 900 920 200 7666 40 540 540 760 900 920 200 7666 40 540 540 760 900 920
0 0 0 0 0 0 0 0 0 0 -7262 7891 7891 8078 8197 8214 552 92 8018 1150 1150 1656 1978 2024 552 92 8018 1150 1150 1656 1978 2024 552 92 8018 1150 1150 1656 1978 2024 240 40 7706 500 500 720 860 880 240 40 7706 500 500 720 860 880 240 40 7706 500 500 720 860 880
0 0 0 0 0 0 0 0 0 0 0 -6837 7466 7653 7772 7789 1702 1242 1150 9168 0 506 828 874 1702 1242 1150 9168 0 506 828 874 1702 1242 1150 9168 0 506 828 874 740 540 500 8206 0 220 360 380 740 540 500 8206 0 220 360 380 740 540 500 8206 0 220 360 380
0 0 0 0 0 0 0 0 0 0 0 0 -6837 7653 7772 7789 1702 1242 1150 0 9168 506 828 874 1702 1242 1150 0 9168 506 828 874 1702 1242 1150 0 9168 506 828 874 740 540 500 0 8206 220 360 380 740 540 500 0 8206 220 360 380 740 540 500 0 8206 220 360 380
0 0 0 0 0 0 0 0 0 0 0 0 0 -6650 7585 7602 2208 1748 1656 506 506 9674 322 368 2208 1748 1656 506 506 9674 322 368 2208 1748 1656 506 506 9674 322 368 960 760 720 220 220 8426 140 160 960 760 720 220 220 8426 140 160 960 760 720 220 220 8426 140 160
0 0 0 0 0 0 0 0 0 0 0 0 0 0 -6531 7483 2530 2070 1978 828 828 322 9996 46 2530 2070 1978 828 828 322 9996 46 2530 2070 1978 828 828 322 9996 46 1100 900 860 360 360 140 8566 20 1100 900 860 360 360 140 8566 20 1100 900 860 360 360 140 8566 20
0 0 0 0 0 0 0 0 0 0 0 0 0 0 0 -6514 2576 2116 2024 874 874 368 46 10042 2576 2116 2024 874 874 368 46 10042 2576 2116 2024 874 874 368 46 10042 1120 920 880 380 380 160 20 8586 1120 920 880 380 380 160 20 8586 1120 920 880 380 380 160 20 8586
0 0 0 0 0 0 0 0 0 0 0 0 0 0 0 0 -7466 7636 7670 8095 8095 8282 8401 8418 7466 170 204 629 629 816 935 952 7466 170 204 629 629 816 935 952 7466 250 300 925 925 1200 1375 1400 7466 250 300 925 925 1200 1375 1400 7466 250 300 925 925 1200 1375 1400
0 0 0 0 0 0 0 0 0 0 0 0 0 0 0 0 0 -7296 7500 7925 7925 8112 8231 8248 170 7636 34 459 459 646 765 782 170 7636 34 459 459 646 765 782 250 7716 50 675 675 950 1125 1150 250 7716 50 675 675 950 1125 1150 250 7716 50 675 675 950 1125 1150
0 0 0 0 0 0 0 0 0 0 0 0 0 0 0 0 0 0 -7262 7891 7891 8078 8197 8214 204 34 7670 425 425 612 731 748 204 34 7670 425 425 612 731 748 300 50 7766 625 625 900 1075 1100 300 50 7766 625 625 900 1075 1100 300 50 7766 625 625 900 1075 1100
0 0 0 0 0 0 0 0 0 0 0 0 0 0 0 0 0 0 0 -6837 7466 7653 7772 7789 629 459 425 8095 0 187 306 323 629 459 425 8095 0 187 306 323 925 675 625 8391 0 275 450 475 925 675 625 8391 0 275 450 475 925 675 625 8391 0 275 450 475
0 0 0 0 0 0 0 0 0 0 0 0 0 0 0 0 0 0 0 0 -6837 7653 7772 7789 629 459 425 0 8095 187 306 323 629 459 425 0 8095 187 306 323 925 675 625 0 8391 275 450 475 925 675 625 0 8391 275 450 475 925 675 625 0 8391 275 450 475
0 0 0 0 0 0 0 0 0 0 0 0 0 0 0 0 0 0 0 0 0 -6650 7585 7602 816 646 612 187 187 8282 119 136 816 646 612 187 187 8282 119 136 1200 950 900 275 275 8666 175 200 1200 950 900 275 275 8666 175 200 1200 950 900 275 275 8666 175 200
0 0 0 0 0 0 0 0 0 0 0 0 0 0 0 0 0 0 0 0 0 0 -6531 7483 935 765 731 306 306 119 8401 17 935 765 731 306 306 119 8401 17 1375 1125 1075 450 450 175 8841 25 1375 1125 1075 450 450 175 8841 25 1375 1125 1075 450 450 175 8841 25
0 0 0 0 0 0 0 0 0 0 0 0 0 0 0 0 0 0 0 0 0 0 0 -6514 952 782 748 323 323 136 17 8418 952 782 748 323 323 136 17 8418 1400 1150 1100 475 475 200 25 8866 1400 1150 1100 475 475 200 25 8866 1400 1150 1100 475 475 200 25 8866
0 0 0 0 0 0 0 0 0 0 0 0 0 0 0 0 0 0 0 0 0 0 0 0 -7466 7636 7670 8095 8095 8282 8401 8418 7466 170 204 629 629 816 935 952 7466 250 300 925 925 1200 1375 1400 7466 250 300 925 925 1200 1375 1400 7466 250 300 925 925 1200 1375 1400
0 0 0 0 0 0 0 0 0 0 0 0 0 0 0 0 0 0 0 0 0 0 0 0 0 -7296 7500 7925 7925 8112 8231 8248 170 7636 34 459 459 646 765 782 250 7716 50 675 675 950 1125 1150 250 7716 50 675 675 950 1125 1150 250 7716 50 675 675 950 1125 1150
0 0 0 0 0 0 0 0 0 0 0 0 0 0 0 0 0 0 0 0 0 0 0 0 0 0 -7262 7891 7891 8078 8197 8214 204 34 7670 425 425 612 731 748 300 50 7766 625 625 900 1075 1100 300 50 7766 625 625 900 1075 1100 300 50 7766 625 625 900 1075 1100
0 0 0 0 0 0 0 0 0 0 0 0 0 0 0 0 0 0 0 0 0 0 0 0 0 0 0 -6837 7466 7653 7772 7789 629 459 425 8095 0 187 306 323 925 675 625 8391 0 275 450 475 925 675 625 8391 0 275 450 475 925 675 625 8391 0 275 450 475
0 0 0 0 0 0 0 0 0 0 0 0 0 0 0 0 0 0 0 0 0 0 0 0 0 0 0 0 -6837 7653 7772 7789 629 459 425 0 8095 187 306 323 925 675 625 0 8391 275 450 475 925 675 625 0 8391 275 450 475 925 675 625 0 8391 275 450 475
0 0 0 0 0 0 0 0 0 0 0 0 0 0 0 0 0 0 0 0 0 0 0 0 0 0 0 0 0 -6650 7585 7602 816 646 612 187 187 8282 119 136 1200 950 900 275 275 8666 175 200 1200 950 900 275 275 8666 175 200 1200 950 900 275 275 8666 175 200
0 0 0 0 0 0 0 0 0 0 0 0 0 0 0 0 0 0 0 0 0 0 0 0 0 0 0 0 0 0 -6531 7483 935 765 731 306 306 119 8401 17 1375 1125 1075 450 450 175 8841 25 1375 1125 1075 450 450 175 8841 25 1375 1125 1075 450 450 175 8841 25
0 0 0 0 0 0 0 0 0 0 0 0 0 0 0 0 0 0 0 0 0 0 0 0 0 0 0 0 0 0 0 -6514 952 782 748 323 323 136 17 8418 1400 1150 1100 475 475 200 25 8866 1400 1150 1100 475 475 200 25 8866 1400 1150 1100 475 475 200 25 8866
0 0 0 0 0 0 0 0 0 0 0 0 0 0 0 0 0 0 0 0 0 0 0 0 0 0 0 0 0 0 0 0 -7466 7636 7670 8095 8095 8282 8401 8418 7466 250 300 925 925 1200 1375 1400 7466 250 300 925 925 1200 1375 1400 7466 250 300 925 925 1200 1375 1400
0 0 0 0 0 0 0 0 0 0 0 0 0 0 0 0 0 0 0 0 0 0 0 0 0 0 0 0 0 0 0 0 0 -7296 7500 7925 7925 8112 8231 8248 250 7716 50 675 675 950 1125 1150 250 7716 50 675 675 950 1125 1150 250 7716 50 675 675 950 1125 1150
0 0 0 0 0 0 0 0 0 0 0 0 0 0 0 0 0 0 0 0 0 0 0 0 0 0 0 0 0 0 0 0 0 0 -7262 7891 7891 8078 8197 8214 300 50 7766 625 625 900 1075 1100 300 50 7766 625 625 900 1075 1100 300 50 7766 625 625 900 1075 1100
0 0 0 0 0 0 0 0 0 0 0 0 0 0 0 0 0 0 0 0 0 0 0 0 0 0 0 0 0 0 0 0 0 0 0 -6837 7466 7653 7772 7789 925 675 625 8391 0 275 450 475 925 675 625 8391 0 275 450 475 925 675 625 8391 0 275 450 475
0 0 0 0 0 0 0 0 0 0 0 0 0 0 0 0 0 0 0 0 0 0 0 0 0 0 0 0 0 0 0 0 0 0 0 0 -6837 7653 7772 7789 925 675 625 0 8391 275 450 475 925 675 625 0 8391 275 450 475 925 675 625 0 8391 275 450 475
0 0 0 0 0 0 0 0 0 0 0 0 0 0 0 0 0 0 0 0 0 0 0 0 0 0 0 0 0 0 0 0 0 0 0 0 0 -6650 7585 7602 1200 950 900 275 275 8666 175 200 1200 950 900 275 275 8666 175 200 1200 950 900 275 275 8666 175 200
0 0 0 0 0 0 0 0 0 0 0 0 0 0 0 0 0 0 0 0 0 0 0 0 0 0 0 0 0 0 0 0 0 0 0 0 0 0 -6531 7483 1375 1125 1075 450 450 175 8841 25 1375 1125 1075 450 450 175 8841 25 1375 1125 1075 450 450 175 8841 25
0 0 0 0 0 0 0 0 0 0 0 0 0 0 0 0 0 0 0 0 0 0 0 0 0 0 0 0 0 0 0 0 0 0 0 0 0 0 0 -6514 1400 1150 1100 475 475 200 25 8866 1400 1150 1100 475 475 200 25 8866 1400 1150 1100 475 475 200 25 8866
0 0 0 0 0 0 0 0 0 0 0 0 0 0 0 0 0 0 0 0 0 0 0 0 0 0 0 0 0 0 0 0 0 0 0 0 0 0 0 0 -7466 7546 7562 7762 7762 7850 7906 7914 7466 30 36 111 111 144 165 168 7466 30 36 111 111 144 165 168
0 0 0 0 0 0 0 0 0 0 0 0 0 0 0 0 0 0 0 0 0 0 0 0 0 0 0 0 0 0 0 0 0 0 0 0 0 0 0 0 0 -7386 7482 7682 7682 7770 7826 7834 30 7496 6 81 81 114 135 138 30 7496 6 81 81 114 135 138
0 0 0 0 0 0 0 0 0 0 0 0 0 0 0 0 0 0 0 0 0 0 0 0 0 0 0 0 0 0 0 0 0 0 0 0 0 0 0 0 0 0 -7370 7666 7666 7754 7810 7818 36 6 7502 75 75 108 129 132 36 6 7502 75 75 108 129 132
0 0 0 0 0 0 0 0 0 0 0 0 0 0 0 0 0 0 0 0 0 0 0 0 0 0 0 0 0 0 0 0 0 0 0 0 0 0 0 0 0 0 0 -7170 7466 7554 7610 7618 111 81 75 7577 0 33 54 57 111 81 75 7577 0 33 54 57
0 0 0 0 0 0 0 0 0 0 0 0 0 0 0 0 0 0 0 0 0 0 0 0 0 0 0 0 0 0 0 0 0 0 0 0 0 0 0 0 0 0 0 0 -7170 7554 7610 7618 111 81 75 0 7577 33 54 57 111 81 75 0 7577 33 54 57
0 0 0 0 0 0 0 0 0 0 0 0 0 0 0 0 0 0 0 0 0 0 0 0 0 0 0 0 0 0 0 0 0 0 0 0 0 0 0 0 0 0 0 0 0 -7082 7522 7530 144 114 108 33 33 7610 21 24 144 114 108 33 33 7610 21 24
0 0 0 0 0 0 0 0 0 0 0 0 0 0 0 0 0 0 0 0 0 0 0 0 0 0 0 0 0 0 0 0 0 0 0 0 0 0 0 0 0 0 0 0 0 0 -7026 7474 165 135 129 54 54 21 7631 3 165 135 129 54 54 21 7631 3
0 0 0 0 0 0 0 0 0 0 0 0 0 0 0 0 0 0 0 0 0 0 0 0 0 0 0 0 0 0 0 0 0 0 0 0 0 0 0 0 0 0 0 0 0 0 0 -7018 168 138 132 57 57 24 3 7634 168 138 132 57 57 24 3 7634
0 0 0 0 0 0 0 0 0 0 0 0 0 0 0 0 0 0 0 0 0 0 0 0 0 0 0 0 0 0 0 0 0 0 0 0 0 0 0 0 0 0 0 0 0 0 0 0 -7466 7546 7562 7762 7762 7850 7906 7914 7466 30 36 111 111 144 165 168
0 0 0 0 0 0 0 0 0 0 0 0 0 0 0 0 0 0 0 0 0 0 0 0 0 0 0 0 0 0 0 0 0 0 0 0 0 0 0 0 0 0 0 0 0 0 0 0 0 -7386 7482 7682 7682 7770 7826 7834 30 7496 6 81 81 114 135 138
0 0 0 0 0 0 0 0 0 0 0 0 0 0 0 0 0 0 0 0 0 0 0 0 0 0 0 0 0 0 0 0 0 0 0 0 0 0 0 0 0 0 0 0 0 0 0 0 0 0 -7370 7666 7666 7754 7810 7818 36 6 7502 75 75 108 129 132
0 0 0 0 0 0 0 0 0 0 0 0 0 0 0 0 0 0 0 0 0 0 0 0 0 0 0 0 0 0 0 0 0 0 0 0 0 0 0 0 0 0 0 0 0 0 0 0 0 0 0 -7170 7466 7554 7610 7618 111 81 75 7577 0 33 54 57
0 0 0 0 0 0 0 0 0 0 0 0 0 0 0 0 0 0 0 0 0 0 0 0 0 0 0 0 0 0 0 0 0 0 0 0 0 0 0 0 0 0 0 0 0 0 0 0 0 0 0 0 -7170 7554 7610 7618 111 81 75 0 7577 33 54 57
0 0 0 0 0 0 0 0 0 0 0 0 0 0 0 0 0 0 0 0 0 0 0 0 0 0 0 0 0 0 0 0 0 0 0 0 0 0 0 0 0 0 0 0 0 0 0 0 0 0 0 0 0 -7082 7522 7530 144 114 108 33 33 7610 21 24
0 0 0 0 0 0 0 0 0 0 0 0 0 0 0 0 0 0 0 0 0 0 0 0 0 0 0 0 0 0 0 0 0 0 0 0 0 0 0 0 0 0 0 0 0 0 0 0 0 0 0 0 0 0 -7026 7474 165 135 129 54 54 21 7631 3
0 0 0 0 0 0 0 0 0 0 0 0 0 0 0 0 0 0 0 0 0 0 0 0 0 0 0 0 0 0 0 0 0 0 0 0 0 0 0 0 0 0 0 0 0 0 0 0 0 0 0 0 0 0 0 -7018 168 138 132 57 57 24 3 7634
0 0 0 0 0 0 0 0 0 0 0 0 0 0 0 0 0 0 0 0 0 0 0 0 0 0 0 0 0 0 0 0 0 0 0 0 0 0 0 0 0 0 0 0 0 0 0 0 0 0 0 0 0 0 0 0 -7466 7546 7562 7762 7762 7850 7906 7914
0 0 0 0 0 0 0 0 0 0 0 0 0 0 0 0 0 0 0 0 0 0 0 0 0 0 0 0 0 0 0 0 0 0 0 0 0 0 0 0 0 0 0 0 0 0 0 0 0 0 0 0 0 0 0 0 0 -7386 7482 7682 7682 7770 7826 7834
0 0 0 0 0 0 0 0 0 0 0 0 0 0 0 0 0 0 0 0 0 0 0 0 0 0 0 0 0 0 0 0 0 0 0 0 0 0 0 0 0 0 0 0 0 0 0 0 0 0 0 0 0 0 0 0 0 0 -7370 7666 7666 7754 7810 7818
0 0 0 0 0 0 0 0 0 0 0 0 0 0 0 0 0 0 0 0 0 0 0 0 0 0 0 0 0 0 0 0 0 0 0 0 0 0 0 0 0 0 0 0 0 0 0 0 0 0 0 0 0 0 0 0 0 0 0 -7170 7466 7554 7610 7618
0 0 0 0 0 0 0 0 0 0 0 0 0 0 0 0 0 0 0 0 0 0 0 0 0 0 0 0 0 0 0 0 0 0 0 0 0 0 0 0 0 0 0 0 0 0 0 0 0 0 0 0 0 0 0 0 0 0 0 0 -7170 7554 7610 7618
0 0 0 0 0 0 0 0 0 0 0 0 0 0 0 0 0 0 0 0 0 0 0 0 0 0 0 0 0 0 0 0 0 0 0 0 0 0 0 0 0 0 0 0 0 0 0 0 0 0 0 0 0 0 0 0 0 0 0 0 0 -7082 7522 7530
0 0 0 0 0 0 0 0 0 0 0 0 0 0 0 0 0 0 0 0 0 0 0 0 0 0 0 0 0 0 0 0 0 0 0 0 0 0 0 0 0 0 0 0 0 0 0 0 0 0 0 0 0 0 0 0 0 0 0 0 0 0 -7026 7474
0 0 0 0 0 0 0 0 0 0 0 0 0 0 0 0 0 0 0 0 0 0 0 0 0 0 0 0 0 0 0 0 0 0 0 0 0 0 0 0 0 0 0 0 0 0 0 0 0 0 0 0 0 0 0 0 0 0 0 0 0 0 0 -7018
